-72
-308
-214
-20
-965
-674
-696
-78
-998
-351
-409
-268
-547
-376
-730
-846
-567
-390
-632
-323
-622
-214
-521
-82
-498
-83
-964
-114
-285
-404
-285
-439
-288
-799
-666
-874
-125
-372
-455
-629
-541
-53
-795
-537
-614
-766
-623
-389
-219
-926
-962
-199
-646
-728
-751
-220
-204
-508
-927
-283
-969
-529
-242
-72
-140
-374
-803
-144
-929
-127
-599
-801
-946
-33
-611
-277
-412
-962
-37
-204
-316
-616
-439
-173
-482
-120
-709
-916
-915
-659
-846
-499
-477
-888
-378
-561
-670
-87
-649
-856
-520
-183
-364
-262
-568
-533
-524
-319
-293
-778
-370
-216
-372
-822
-115
-752
-864
-683
-241
-566
-478
-66
-729
-600
-930
-143
-510
-102
-37
-784
-379
-645
-912
-615
-518
-660
-221
-101
-123
-94
-543
-693
-800
-66
-63
-480
-383
-366
-269
-493
-264
-459
-647
-548
-863
-254
-996
-700
-343
-524
-50
-519
-55
-826
-432
-271
-658
-988
-263
-297
-181
-457
-891
-422
-333
-369
-700
-135
-896
-867
-302
-403
-852
-825
-757
-296
-759
-798
-735
-249
-670
-436
-443
-508
-171
-932
-297
-218
-894
-1000
-949
-688
-885
-330
-103
-14
-956
-430
-734
-191
-199
-277
-105
-175
-61
-622
-433
-827
-356
-786
-131
-425
-501
-515
-935
-599
-926
-307
-381
-303
-914
-189
-766
-84
-696
-375
-887
-65
-564
-555
-928
-975
-131
-91
-970
-323
-126
-309
-82
-456
-755
-141
-160
-596
-823
-737
-405
-347
-872
-678
-319
-908
-458
-3
-996
-960
-247
-68
-170
-610
-76
-948
-267
-48
-444
-682
-896
-609
-204
-761
-637
-512
-979
-271
-588
-234
-960
-637
-592
-241
-882
-686
-954
-505
-459
-431
-439
-66
-806
-682
-851
-965
-607
-182
-969
-20
-676
-693
-761
-244
-605
-868
-557
-11
-773
-615
-685
-428
-693
-185
-113
-859
-343
-797
-375
-63
-954
-124
-876
-330
-401
-68
-436
-472
-145
-515
-445
-744
-519
-320
-411
-975
-246
-179
-51
-927
-144
-220
-354
-970
-464
-215
-471
-330
-467
-469
-952
-685
-895
-376
-853
-190
-108
-110
-51
-875
-163
-242
-385
-907
-134
-741
-119
-877
-471
-266
-309
-617
-379
-800
-501
-950
-685
-923
-50
-543
-902
-556
-726
-782
-593
-183
-274
-82
-824
-435
-158
-645
-813
-376
-943
-175
-355
-278
-465
-327
-189
-393
-347
-544
-887
-743
-844
-309
-990
-601
-186
-604
-635
-62
-393
-731
-434
-587
-507
-280
-482
-818
-843
-88
-856
-865
-609
-193
-709
-168
-37
-115
-664
-937
-813
-738
-312
-837
-321
-846
-371
-322
-736
-381
-742
-239
-972
-975
-600
-173
-10
-264
-167
-190
-38
-181
-922
-168
-165
-894
-271
-152
-672
-309
-362
-643
-772
-991
-286
-544
-721
-384
-125
-946
-256
-190
-644
-924
-271
-553
-675
-407
-666
-830
-903
-4
-233
-1000
-60
-70
-742
-375
-842
-733
-185
-887
-8
-521
-932
-710
-501
-113
-235
-416
-733
-388
-467
-905
-278
-114
-697
-655
-805
-862
-284
