-72
-308
-214
-20
-965
-674
-696
-78
-998
-351
-409
-268
-547
-376
-730
-846
-567
-390
-632
-323
-622
-521
-82
-498
-83
-964
-114
-285
-404
-439
-288
-799
-666
-874
-125
-372
-455
-629
-541
-53
-795
-537
-614
-766
-623
-389
-219
-926
-962
-199
-646
-728
-751
-220
-204
-508
-927
-283
-969
-529
-242
-140
-374
-803
-144
-929
-127
-599
-801
-946
-33
-611
-277
-412
-37
-316
-616
-173
-482
-120
-709
-916
-915
-659
-499
-477
-888
-378
-561
-670
-87
-649
-856
-520
-183
-364
-262
-568
-533
-524
-319
-293
-778
-370
-216
-822
-115
-752
-864
-683
-241
-566
-478
-66
-729
-600
-930
-143
-510
-102
-784
-379
-645
-912
-615
-518
-660
-221
-101
-123
-94
-543
-693
-800
-63
-480
-383
-366
-269
-493
-264
-459
-647
-548
-863
-254
-996
-700
-343
-50
-519
-55
-826
-432
-271
-658
-988
-263
-297
-181
-457
-891
-422
-333
-369
-135
-896
-867
-302
-403
-852
-825
-757
-296
-759
-798
-735
-249
-436
-443
-171
-932
-218
-894
-1000
-949
-688
-885
-330
-103
-14
-956
-430
-734
-191
-105
-175
-61
-433
-827
-356
-786
-131
-425
-501
-515
-935
-307
-381
-303
-914
-189
-84
-375
-887
-65
-564
-555
-928
-975
-91
-970
-126
-309
-456
-755
-141
-160
-596
-823
-737
-405
-347
-872
-678
-908
-458
-3
-960
-247
-68
-170
-610
-76
-948
-267
-48
-444
-682
-609
-761
-637
-512
-979
-588
-234
-592
-882
-686
-954
-505
-431
-806
-851
-607
-182
-676
-244
-605
-868
-557
-11
-773
-685
-428
-185
-113
-859
-797
-124
-876
-401
-472
-145
-445
-744
-320
-411
-246
-179
-51
-354
-464
-215
-471
-467
-469
-952
-895
-853
-190
-108
-110
-875
-163
-385
-907
-134
-741
-119
-877
-266
-617
-950
-923
-902
-556
-726
-782
-593
-274
-824
-435
-158
-813
-943
-355
-278
-465
-327
-393
-544
-743
-844
-990
-601
-186
-604
-635
-62
-731
-434
-587
-507
-280
-818
-843
-88
-865
-193
-168
-664
-937
-738
-312
-837
-321
-371
-322
-736
-742
-239
-972
-10
-167
-38
-922
-165
-152
-672
-362
-643
-772
-991
-286
-721
-384
-256
-644
-924
-553
-675
-407
-830
-903
-4
-233
-60
-70
-842
-733
-8
-710
-235
-416
-388
-905
-697
-655
-805
-862
-284
