36
719
142
88
709
377
562
725
241
855
475
397
235
52
536
792
187
144
968
758
594
470
821
840
580
331
687
427
141
871
965
466
498
908
719
516
781
198
473
594
988
359
790
777
670
883
760
277
482
742
96
738
865
193
787
903
411
849
907
467
939
674
78
521
359
579
549
510
415
750
813
177
163
625
734
55
858
39
684
958
764
965
831
664
881
909
402
575
111
552
210
796
193
440
61
470
680
933
395
573
51
400
489
181
409
617
825
625
488
539
48
543
733
6
328
938
65
167
358
243
935
287
492
272
757
428
931
390
0
466
787
838
625
998
817
534
631
545
543
725
129
531
797
369
306
959
960
816
543
228
128
36
35
977
293
311
722
115
17
832
350
6
534
591
337
304
65
342
26
313
331
45
719
784
762
117
97
463
183
498
968
340
471
760
184
783
239
328
471
696
750
418
541
608
678
755
595
605
869
662
539
237
322
922
41
415
686
100
697
976
366
859
987
587
994
488
232
998
813
529
109
444
702
546
523
135
515
648
612
706
725
117
262
717
582
389
332
332
657
577
904
677
648
467
565
424
655
131
89
213
986
852
65
849
146
19
941
752
50
437
624
212
530
405
240
372
832
541
167
267
319
184
740
254
501
994
658
304
774
880
263
936
116
24
483
344
449
404
322
576
546
180
987
904
541
788
289
732
469
541
233
117
296
172
621
176
802
827
767
188
177
466
462
868
239
425
603
996
839
459
206
49
425
467
855
113
894
39
881
670
249
241
588
619
763
37
913
809
962
255
961
150
955
174
0
61
594
978
697
822
212
893
632
742
136
618
141
273
683
739
788
220
538
108
899
80
464
744
658
247
449
346
322
572
870
62
467
209
570
658
343
229
654
121
663
912
601
437
373
702
892
248
213
422
876
279
546
323
890
382
672
121
922
690
166
89
161
395
236
452
806
549
346
653
633
414
587
994
570
266
122
193
41
714
535
743
230
822
395
957
486
7
445
438
274
506
4
197
934
880
856
191
388
788
171
253
529
15
835
671
68
206
227
119
832
850
694
96
791
847
982
512
48
459
554
15
852
308
963
555
456
777
594
442
458
594
776
700
635
