36
719
142
88
709
377
562
725
241
855
475
397
235
52
536
792
187
144
968
758
594
470
821
840
580
331
687
427
141
871
965
466
498
908
516
781
198
473
988
359
790
777
670
883
760
277
482
742
96
738
865
193
787
903
411
849
907
467
939
674
78
521
579
549
510
415
750
813
177
163
625
734
55
858
39
684
958
764
831
664
881
909
402
575
111
552
210
796
440
61
680
933
395
573
51
400
489
181
409
617
825
488
539
48
543
733
6
328
938
65
167
358
243
935
287
492
272
757
428
931
390
0
838
998
817
534
631
545
129
531
797
369
306
959
960
816
228
128
35
977
293
311
722
115
17
832
350
591
337
304
342
26
313
45
784
762
117
97
463
183
340
471
184
783
239
696
418
541
608
678
755
595
605
869
662
237
322
922
41
686
100
697
976
366
859
987
587
994
232
529
109
444
702
546
523
135
515
648
612
706
262
717
582
389
332
657
577
904
677
565
424
655
131
89
213
986
852
146
19
941
752
50
437
624
212
530
405
240
372
267
319
740
254
501
658
774
880
263
936
116
24
483
344
449
404
576
180
788
289
732
469
233
296
172
621
176
802
827
767
188
462
868
425
603
996
839
459
206
49
113
894
249
588
619
763
37
913
809
962
255
961
150
955
174
978
822
893
632
136
618
273
683
739
220
538
108
899
80
464
744
247
346
572
870
62
209
570
343
229
654
121
663
912
601
373
892
248
422
876
279
323
890
382
672
690
166
161
236
452
806
653
633
414
266
122
714
535
743
230
957
486
7
445
438
274
506
4
197
934
856
191
388
171
253
15
835
671
68
227
119
850
694
791
847
982
512
554
308
963
555
456
442
458
776
700
635
